# Common Global Physical Parameters
mass: 2.856
linear_mu: 0.05
angular_mu: 0.05
ground_effect: [-55.3516, 181.8265, -203.9874, 85.3735, -7.6619]

# Controller Limits
max_roll: 0.35
max_pitch: 0.35
max_yaw_rate: 3.14159
max_u: 1.5
max_v: 1.5
max_w: 1.5
hover_throttle: 0.510

# Controller Gains
pid_controller: {
  uP: 0.2, uI: 0.00, uD: 0.05,    uvtau: 0.15,
  vP: 0.2, vI: 0.00, vD: 0.1,
  wP: 0.65, wI: 0.00, wD: 0.0,
  nP: 1.00, nI: 0.0, nD: 0.40,    nedtau: 0.15,
  eP: 1.00, eI: 0.0, eD: 0.40,
  dP: 1.0, dI: 0.01, dD: 0.1,
  yawP: 1.11, yawI: 0.31, yawD: 0.0, yawtau: 0.15,
  hover_throttle: 0.468,
  integrator_threshold: 0.8,
  xIntegrator: 1,
  uIntegrator: 1
}

# Dynamics
num_rotors: 4
rotor_positions: [ 0.1926,  0.230, -0.0762,
                  -0.1907,  0.205, -0.0762,
                  -0.1907, -0.205, -0.0762,
                   0.1926, -0.230, -0.0762]

rotor_vector_normal: [-0.02674078,  0.0223925,  -0.99939157,
                       0.02553726,  0.02375588, -0.99939157,
                       0.02553726, -0.02375588, -0.99939157,
                      -0.02674078, -0.0223925,  -0.99939157]

rotor_rotation_directions: [-1, 1, -1, 1]
rotor_max_thrust: 14.961
rotor_F: [1.5e-5, -0.024451, 9.00225]
rotor_T: [2.22e-7,-3.51e-4,  0.12531]
rotor_tau_up: 0.2164
rotor_tau_down: 0.1644

ground_altitude: 1387  #Default in Provo, UT (4551 ft)

# Sensor Configuration
body_to_xtion: {
  tx: 0,
  ty: 0,
  tz: 0,
  qw: 0.5,
  qx: 0.5,
  qy: 0.5,
  qz: 0.5,
}
body_to_laser: {
  tx: 0,
  ty: 0,
  tz: 0,
  qw: 1,
  qx: 0,
  qy: 0,
  qz: 0,
}

# Sensor Noise Parameters (These are empirically-determined)
gyro_stdev: 0.0
gyro_bias_range: 0.0
gyro_bias_walk_stdev: 0.0

# gyro_stdev: 0.13
# gyro_bias_range:  0.15
# gyro_bias_walk_stdev: 0.0002

# acc_stdev: 1.15
# acc_bias_range: 0.15
# acc_bias_walk_stdev: 0.0002

acc_stdev: 0.00
acc_bias_range: 0.00
acc_bias_walk_stdev: 0.0000

baro_stdev: 4.0
baro_bias_range: 500
baro_bias_walk_stdev: 0.1

sonar_stdev: 0.03
sonar_min_range: 0.25
sonar_max_range: 8.0

mag_stdev: 1.15
mag_bias_range: 0.15
mag_bias_walk_stdev: 0.001

inclination: 1.14316156541
declination: 0.198584539676
